[gd_scene load_steps=16 format=2]

[ext_resource path="res://Tractor.tscn" type="PackedScene" id=1]
[ext_resource path="res://root.gd" type="Script" id=2]
[ext_resource path="res://Wheat.tscn" type="PackedScene" id=3]
[ext_resource path="res://harvest1.mp3" type="AudioStream" id=4]
[ext_resource path="res://TractorTreads.tscn" type="PackedScene" id=5]
[ext_resource path="res://Fence.tscn" type="PackedScene" id=6]
[ext_resource path="res://truck.glb" type="PackedScene" id=7]
[ext_resource path="res://barn.glb" type="PackedScene" id=8]
[ext_resource path="res://haystack.glb" type="PackedScene" id=9]
[ext_resource path="res://silo.glb" type="PackedScene" id=10]
[ext_resource path="res://Grass.tscn" type="PackedScene" id=11]

[sub_resource type="BoxShape" id=3]
extents = Vector3( 64, 8, 4 )

[sub_resource type="BoxShape" id=4]
extents = Vector3( 3.45449, 3.91788, 4.25192 )

[sub_resource type="CylinderShape" id=5]
radius = 1.19157

[sub_resource type="CylinderShape" id=6]
height = 7.97197
radius = 1.7581

[node name="Spatial" type="Spatial"]
script = ExtResource( 2 )

[node name="DirectionalLight" type="DirectionalLight" parent="."]
transform = Transform( -0.322447, 0.783062, 0.531829, 0, -0.561838, 0.827247, 0.946587, 0.266744, 0.181163, -0.0777436, 3.37478, -0.0770931 )
shadow_enabled = true

[node name="Tractor" parent="." instance=ExtResource( 1 )]

[node name="Wheat" parent="." instance=ExtResource( 3 )]
transform = Transform( 1, 0, 0, 0, 1, 0, 0, 0, 1, 0, 0, -29.2853 )

[node name="AudioStreamPlayer" type="AudioStreamPlayer" parent="."]
stream = ExtResource( 4 )
pitch_scale = 0.75
autoplay = true

[node name="Gimble" type="Spatial" parent="."]

[node name="Camera" type="Camera" parent="Gimble"]
transform = Transform( 0.71422, 0.338954, -0.612372, 0.0177891, 0.865843, 0.5, 0.699695, -0.368004, 0.612372, -15, 15, 15 )
projection = 1
current = true
fov = 20.0
size = 25.0

[node name="Menu" type="Control" parent="."]
visible = false
margin_right = 40.0
margin_bottom = 40.0

[node name="GameOver" type="Label" parent="Menu"]
margin_left = 358.0
margin_top = 183.0
margin_right = 565.0
margin_bottom = 291.0
text = "GAME OVER"
align = 1
valign = 1

[node name="Button" type="Button" parent="Menu"]
anchor_right = 3.207
anchor_bottom = 2.925
margin_left = 417.0
margin_top = 359.0
margin_right = 384.72
margin_bottom = 262.0
text = "Submit Score"

[node name="TextEdit" type="TextEdit" parent="Menu"]
margin_left = 375.0
margin_top = 330.0
margin_right = 559.0
margin_bottom = 352.0

[node name="Label" type="Label" parent="Menu"]
margin_left = 344.0
margin_top = 309.0
margin_right = 600.0
margin_bottom = 323.0
text = "Enter your name to save to leaderboard!"

[node name="Control" type="Control" parent="."]
anchor_right = 1.0

[node name="Label" type="Label" parent="Control"]
margin_left = 6.0
margin_top = 6.0
margin_right = 128.0
margin_bottom = 20.0
text = "Distance Traveled: "

[node name="Distance" type="Label" parent="Control"]
margin_left = 126.0
margin_top = 6.0
margin_right = 211.0
margin_bottom = 20.0

[node name="Label2" type="Label" parent="Control"]
margin_left = 2.0
margin_top = 24.0
margin_right = 64.0
margin_bottom = 38.0
text = " Harvest: "

[node name="Harvest" type="Label" parent="Control"]
margin_left = 68.0
margin_top = 24.0
margin_right = 153.0
margin_bottom = 38.0

[node name="Label3" type="Label" parent="Control"]
margin_left = 7.0
margin_top = 42.0
margin_right = 71.0
margin_bottom = 56.0
text = "Efficiency:"

[node name="Efficiency" type="Label" parent="Control"]
margin_left = 76.0
margin_top = 42.0
margin_right = 161.0
margin_bottom = 56.0

[node name="Framerate" type="Label" parent="Control"]
margin_left = 980.0
margin_top = 4.0
margin_right = 1020.0
margin_bottom = 18.0
align = 2

[node name="TractorTreads" parent="." instance=ExtResource( 5 )]

[node name="Bounds" type="StaticBody" parent="."]

[node name="CollisionShape" type="CollisionShape" parent="Bounds"]
transform = Transform( 1, 0, 0, 0, 1, 0, 0, 0, 1, 0, 8, 16 )
shape = SubResource( 3 )

[node name="CollisionShape2" type="CollisionShape" parent="Bounds"]
transform = Transform( -4.37114e-08, 0, 1, 0, 1, 0, -1, 0, -4.37114e-08, 41.498, 8, -28 )
shape = SubResource( 3 )

[node name="CollisionShape3" type="CollisionShape" parent="Bounds"]
transform = Transform( 1, 0, 0, 0, 1, 0, 0, 0, 1, 0, 8, -63.5352 )
shape = SubResource( 3 )

[node name="CollisionShape4" type="CollisionShape" parent="Bounds"]
transform = Transform( -4.37114e-08, 0, 1, 0, 1, 0, -1, 0, -4.37114e-08, -25.466, 8, -28 )
shape = SubResource( 3 )

[node name="truck" parent="." instance=ExtResource( 7 )]
transform = Transform( 0.000401393, 0, -1, 0, 1, 0, 1, 0, 0.000401393, 12.5522, 0, -62.1851 )

[node name="Fence" parent="." instance=ExtResource( 6 )]

[node name="Fence3" parent="." instance=ExtResource( 6 )]
transform = Transform( 1, 0, 0, 0, 1, 0, 0, 0, 1, -60.3471, 0, 0 )

[node name="Fence2" parent="." instance=ExtResource( 6 )]
transform = Transform( 0.000383914, 0, -1, 0, 1, 0, 1, 0, 0.000383914, -22.7925, 0, -98.4877 )

[node name="Barn" type="StaticBody" parent="."]
transform = Transform( -0.413041, 0, 0.910712, 0, 1, 0, -0.910712, 0, -0.413041, 25.1992, -0.176868, -1.8241 )

[node name="barn" parent="Barn" instance=ExtResource( 8 )]
transform = Transform( 0.929081, 0, -0.369877, 0, 1, 0, 0.369877, 0, 0.929081, 1.221, 0, -4.191 )

[node name="CollisionShape" type="CollisionShape" parent="Barn"]
transform = Transform( 1, 0, 0, 0, 1, 0, 0, 0, 1, 0, 3.66394, 0 )
shape = SubResource( 4 )

[node name="Haystack" type="StaticBody" parent="."]
transform = Transform( 1, 0, 0, 0, 1, 0, 0, 0, 1, 24.9495, -3.8147e-06, -25.7766 )

[node name="haystack" parent="Haystack" instance=ExtResource( 9 )]

[node name="CollisionShape" type="CollisionShape" parent="Haystack"]
transform = Transform( 1, 0, 0, 0, 1, 0, 0, 0, 1, 0, 0.948849, 0 )
shape = SubResource( 5 )

[node name="Haystack2" type="StaticBody" parent="."]
transform = Transform( 0.226617, 0, 0.973984, 0, 1, 0, -0.973984, 0, 0.226617, 29.3387, -1.90735e-06, -33.0893 )

[node name="haystack" parent="Haystack2" instance=ExtResource( 9 )]

[node name="CollisionShape" type="CollisionShape" parent="Haystack2"]
transform = Transform( 1, 0, 0, 0, 1, 0, 0, 0, 1, 0, 0.948849, 0 )
shape = SubResource( 5 )

[node name="Haystack3" type="StaticBody" parent="."]
transform = Transform( -0.712932, 0, 0.701233, 0, 1, 0, -0.701233, 0, -0.712932, 28.0638, -1.90735e-06, -41.96 )

[node name="haystack" parent="Haystack3" instance=ExtResource( 9 )]

[node name="CollisionShape" type="CollisionShape" parent="Haystack3"]
transform = Transform( 1, 0, 0, 0, 1, 0, 0, 0, 1, 0, 0.948849, 0 )
shape = SubResource( 5 )

[node name="Haystack4" type="StaticBody" parent="."]
transform = Transform( -0.904142, 0, -0.427232, 0, 1, 0, 0.427232, 0, -0.904142, -18.438, -1.90735e-06, -53.3448 )

[node name="haystack" parent="Haystack4" instance=ExtResource( 9 )]

[node name="CollisionShape" type="CollisionShape" parent="Haystack4"]
transform = Transform( 1, 0, 0, 0, 1, 0, 0, 0, 1, 0, 0.948849, 0 )
shape = SubResource( 5 )

[node name="Haystack5" type="StaticBody" parent="."]
transform = Transform( -0.994806, 0, 0.101786, 0, 1, 0, -0.101786, 0, -0.994806, -14.5964, -1.90735e-06, -54.9544 )

[node name="haystack" parent="Haystack5" instance=ExtResource( 9 )]

[node name="CollisionShape" type="CollisionShape" parent="Haystack5"]
transform = Transform( 1, 0, 0, 0, 1, 0, 0, 0, 1, 0, 0.948849, 0 )
shape = SubResource( 5 )

[node name="silo" type="StaticBody" parent="."]
transform = Transform( -0.362194, 0, 0.932103, 0, 1, 0, -0.932103, 0, -0.362194, 29.7103, 0, -14.5573 )

[node name="silo2" parent="silo" instance=ExtResource( 10 )]

[node name="CollisionShape" type="CollisionShape" parent="silo"]
transform = Transform( 1, 0, 0, 0, 1, 0, 0, 0, 1, -0.163992, 3.63583, 0 )
shape = SubResource( 6 )

[node name="silo2" type="StaticBody" parent="."]
transform = Transform( -0.504904, 0, 0.863175, 0, 1, 0, -0.863175, 0, -0.504904, 28.8697, 0, -9.24729 )

[node name="silo2" parent="silo2" instance=ExtResource( 10 )]

[node name="CollisionShape" type="CollisionShape" parent="silo2"]
transform = Transform( 1, 0, 0, 0, 1, 0, 0, 0, 1, -0.163992, 3.63583, 0 )
shape = SubResource( 6 )

[node name="Grass" parent="." instance=ExtResource( 11 )]

[connection signal="tree_exiting" from="." to="." method="_on_Spatial_tree_exiting"]
[connection signal="pressed" from="Menu/Button" to="." method="_on_Button_pressed"]
